winning_genome_1 : 45.977402 -94.417084 36.863049 
winning_genome_2 : 51.436722 -30.900303 51.130508 
winning_genome_3 : 60.075649 -39.084797 23.759007 
winning_genome_4 : 45.977402 -94.417084 36.863049 
winning_genome_5 : 37.338478 -86.232590 64.234543 
